1,1,55.4,61.14,119.9,58.84,1,1,1.0
1,2,310.39,0.0,401.15,115.0,1,1,1.0
1,3,91.92,0.64,229.89,61.92,1,1,1.0
2,1,36.93,56.57,116.57,58.85,1,1,1.0
2,2,310.29,0.01,401.09,114.86,1,1,1.0
2,3,91.92,0.64,229.83999999999997,61.85,1,1,1.0
3,1,20.5,54.0,112.69999999999999,56.849999999999994,1,1,1.0
3,2,310.19,0.02,401.03000000000003,114.72,1,1,1.0
3,3,91.92,0.64,229.77999999999997,61.769999999999996,1,1,1.0
4,1,3.7,52.0,109.1,54.28,1,1,1.0
4,2,310.1,0.04,400.97,114.57,1,1,1.0
4,3,91.92,0.64,229.72999999999996,61.7,1,1,1.0
5,1,0.0,48.31,93.52,54.28,1,1,1.0
5,2,310.0,0.05,400.90999999999997,114.42,1,1,1.0
5,3,91.92,0.64,229.66999999999996,61.62,1,1,1.0
6,1,0.85,46.61,73.67,54.28,1,1,1.0
6,2,309.9,0.06,400.85,114.28,1,1,1.0
6,3,91.92,0.64,229.62,61.54,1,1,1.0
7,1,0.0,43.78,58.1,52.31999999999999,1,1,1.0
7,2,309.81,0.07,400.79,114.14,1,1,1.0
7,3,91.92,0.64,229.56,61.47,1,1,1.0
8,1,0.0,41.22,42.22,48.68000000000001,1,1,1.0
8,2,309.71,0.08,400.7300000000001,114.0,1,1,1.0
8,3,91.92,0.64,229.51,61.39,1,1,1.0
9,1,0.0,42.4,25.8,42.4,1,1,1.0
9,2,309.61,0.1,400.66999999999996,113.85000000000001,1,1,1.0
9,3,91.92,0.64,229.45999999999998,61.32,1,1,1.0
10,1,0.0,47.2,12.8,31.099999999999994,1,1,1.0
10,4,916.57,185.51,43.42999999999995,80.13,1,1,1.0
10,2,309.52,0.11,400.61,113.7,1,1,1.0
10,3,91.92,0.64,229.39999999999998,61.24,1,1,1.0
11,4,869.1,179.2,90.89999999999998,88.60000000000002,1,1,1.0
11,2,309.42,0.12,400.55,113.56,1,1,1.0
11,3,91.92,0.64,229.34999999999997,61.17,1,1,1.0
12,4,823.6,169.5,136.39999999999998,93.60000000000002,1,1,1.0
12,2,309.33,0.13,400.47999999999996,113.42,1,1,1.0
12,3,91.92,0.64,229.28999999999996,61.089999999999996,1,1,1.0
13,4,777.8,160.6,182.20000000000005,104.70000000000002,1,1,1.0
13,2,309.23,0.14,400.42999999999995,113.28,1,1,1.0
13,3,91.92,0.64,229.24,61.01,1,1,1.0
14,4,735.8,151.88,224.20000000000005,119.72000000000003,1,1,1.0
14,5,0.0,180.93,18.39,42.68000000000001,1,1,1.0
14,2,309.13,0.16,400.37,113.12,1,1,1.0
14,3,91.92,0.64,229.18,60.94,1,1,1.0
15,4,695.7,144.6,264.29999999999995,116.83000000000001,1,1,1.0
15,5,0.0,164.8,33.9,72.54999999999998,1,1,1.0
15,2,309.04,0.17,400.3,112.98,1,1,1.0
15,3,91.92,0.64,229.13,60.86,1,1,1.0
16,4,657.5,135.2,270.79999999999995,114.4,1,1,1.0
16,5,0.0,165.1,53.2,86.0,1,1,1.0
16,2,308.94,0.18,400.25000000000006,112.83999999999999,1,1,1.0
16,3,91.92,0.64,229.07,60.79,1,1,1.0
17,4,618.8,129.2,261.80000000000007,109.0,1,1,1.0
17,5,0.0,165.8,74.57,99.05000000000001,1,1,1.0
17,2,308.84,0.19,400.19,112.7,1,1,1.0
17,3,91.92,0.64,229.01999999999998,60.71,1,1,1.0
18,4,584.1,123.2,247.79999999999995,105.8,1,1,1.0
18,5,0.0,166.4,93.3,112.20000000000002,1,1,1.0
18,2,308.75,0.2,400.13,112.55,1,1,1.0
18,3,91.92,0.64,228.96999999999997,60.64,1,1,1.0
19,4,549.5,117.2,243.29999999999995,102.60000000000001,1,1,1.0
19,5,0.0,174.4,116.7,117.95000000000002,1,1,1.0
19,2,308.65,0.22,400.07000000000005,112.4,1,1,1.0
19,3,91.92,0.64,228.90999999999997,60.56,1,1,1.0
20,4,518.11,111.2,234.49,99.39999999999999,1,1,1.0
20,5,0.0,181.0,143.1,125.10000000000002,1,1,1.0
20,2,308.55,0.23,400.00999999999993,112.25999999999999,1,1,1.0
20,3,91.92,0.64,228.85999999999996,60.49,1,1,1.0
21,4,484.23,104.7,227.40999999999997,97.10000000000001,1,1,1.0
21,5,0.0,189.8,168.3,130.05,1,1,1.0
21,2,308.46,0.24,399.95,112.12,1,1,1.0
21,3,91.92,0.64,228.8,60.41,1,1,1.0
22,4,457.1,100.55,220.29999999999995,94.77,1,1,1.0
22,5,0.0,196.43,195.2,137.17000000000002,1,1,1.0
22,2,308.36,0.25,399.89,111.98,1,1,1.0
22,3,91.92,0.64,228.75,60.33,1,1,1.0
23,4,428.79,95.9,212.20999999999998,90.87,1,1,1.0
23,5,13.6,205.97,214.70000000000002,145.08,1,1,1.0
23,2,308.26,0.27,399.83000000000004,111.82000000000001,1,1,1.0
23,3,91.92,0.64,228.69,60.26,1,1,1.0
24,4,402.72,91.83,201.67999999999995,87.77,1,1,1.0
24,5,38.3,215.5,223.09999999999997,153.0,1,1,1.0
24,2,308.17,0.28,399.77000000000004,111.67999999999999,1,1,1.0
24,3,91.92,0.64,228.64,60.18,1,1,1.0
25,4,376.66,86.73,195.49999999999994,85.90999999999998,1,1,1.0
25,5,61.76,226.66,239.19,163.35,1,1,1.0
25,2,308.07,0.29,399.71,111.53999999999999,1,1,1.0
25,3,91.92,0.64,228.57999999999998,60.11,1,1,1.0
26,4,352.9,81.88,188.80000000000007,84.06,1,1,1.0
26,5,85.21,237.81,255.29000000000002,173.7,1,1,1.0
26,2,307.98,0.3,399.64,111.4,1,1,1.0
26,3,91.92,0.64,228.52999999999997,60.03,1,1,1.0
27,4,330.23,79.0,181.26999999999998,80.59,1,1,1.0
27,5,111.8,250.05,273.9,183.34999999999997,1,1,1.0
27,2,307.88,0.31,399.59000000000003,111.25,1,1,1.0
27,3,91.92,0.64,228.47999999999996,59.96,1,1,1.0
28,4,309.12,75.25,176.07999999999998,79.53999999999999,1,1,1.0
28,5,143.57,263.78,296.18,195.92000000000002,1,1,1.0
28,2,307.78,0.33,399.53,111.10000000000001,1,1,1.0
28,3,91.92,0.64,228.41999999999996,59.88,1,1,1.0
29,6,912.5,181.58,47.5,70.64999999999998,1,1,1.0
29,4,288.0,71.5,168.8,78.19999999999999,1,1,1.0
29,5,175.34,277.5,318.46000000000004,208.5,1,1,1.0
29,2,307.69,0.34,399.46,110.96,1,1,1.0
29,3,91.92,0.64,228.37,59.8,1,1,1.0
30,6,864.1,173.64,95.89999999999998,71.44000000000003,1,1,1.0
30,4,269.67,68.3,161.55,75.77,1,1,1.0
30,5,211.2,294.45,350.59999999999997,224.45,1,1,1.0
30,2,307.59,0.35,399.41,110.82000000000001,1,1,1.0
30,3,91.92,0.64,228.31,59.73,1,1,1.0
31,6,816.21,157.1,143.78999999999996,89.4,1,1,1.0
31,4,251.66,65.1,155.84,73.33000000000001,1,1,1.0
31,5,251.4,309.6,378.4,230.39999999999998,1,1,1.0
31,2,307.49,0.36,399.35,110.68,1,1,1.0
31,3,91.92,0.64,228.26,59.65,1,1,1.0
32,6,772.1,145.3,187.89999999999998,107.79999999999998,1,1,1.0
32,4,231.4,61.9,152.49999999999997,70.9,1,1,1.0
32,5,296.2,325.6,409.00000000000006,213.90999999999997,1,1,1.0
32,2,307.4,0.37,399.28,110.53,1,1,1.0
32,3,91.92,0.64,228.2,59.58,1,1,1.0
33,6,729.5,135.1,230.5,108.82,1,1,1.0
33,4,215.0,59.6,148.39999999999998,69.12,1,1,1.0
33,5,348.32,345.3,417.47999999999996,193.71999999999997,1,1,1.0
33,2,307.3,0.39,399.22999999999996,110.38,1,1,1.0
33,3,91.92,0.64,228.14999999999998,59.5,1,1,1.0
34,6,689.5,121.3,250.79999999999995,109.26,1,1,1.0
34,4,200.4,57.3,142.49999999999997,67.34,1,1,1.0
34,5,406.1,368.7,449.4,170.94,1,1,1.0
34,2,307.2,0.4,399.17,110.24,1,1,1.0
34,3,91.92,0.64,228.08999999999997,59.43,1,1,1.0
35,6,647.99,113.82,242.54999999999995,106.19,1,1,1.0
35,4,184.3,55.0,138.09999999999997,65.56,1,1,1.0
35,5,474.55,394.93,422.55,144.82999999999998,1,1,1.0
35,2,307.11,0.41,399.1,110.10000000000001,1,1,1.0
35,3,91.92,0.64,228.03999999999996,59.35,1,1,1.0
36,6,614.06,106.57,230.1400000000001,103.11000000000001,1,1,1.0
36,4,168.8,52.7,133.09999999999997,63.78,1,1,1.0
36,5,543.0,421.17,395.70000000000005,118.70999999999998,1,1,1.0
36,2,307.01,0.42,399.04999999999995,109.95,1,1,1.0
36,3,91.92,0.64,227.99,59.28,1,1,1.0
37,6,576.11,101.41,220.39,97.99000000000001,1,1,1.0
37,4,153.1,50.0,132.79999999999998,63.97,1,1,1.0
37,5,624.4,447.4,335.6,92.60000000000002,1,1,1.0
37,2,306.91,0.43,398.98999999999995,109.80999999999999,1,1,1.0
37,3,91.92,0.64,227.93,59.2,1,1,1.0
38,6,544.47,95.7,212.52999999999997,95.3,1,1,1.0
38,4,139.74,46.2,127.86000000000001,64.09,1,1,1.0
38,5,733.5,480.5,226.5,59.5,1,1,1.0
38,2,306.82,0.45,398.92,109.66,1,1,1.0
38,3,91.92,0.64,227.88,59.12,1,1,1.0
39,6,511.2,88.1,208.40000000000003,92.56,1,1,1.0
39,4,126.38,42.91,124.02000000000001,62.52000000000001,1,1,1.0
39,5,842.6,513.6,117.39999999999998,26.399999999999977,1,1,1.0
39,2,306.72,0.46,398.87,109.52000000000001,1,1,1.0
39,3,91.92,0.64,227.82,59.05,1,1,1.0
40,6,479.98,83.19,200.41999999999996,89.82,1,1,1.0
40,4,114.6,43.2,119.0,59.72,1,1,1.0
40,2,306.63,0.47,398.79999999999995,109.38,1,1,1.0
40,3,91.92,0.64,227.76999999999998,58.97,1,1,1.0
41,6,451.01,77.12,192.45000000000005,87.07999999999998,1,1,1.0
41,4,102.6,41.33,116.57,58.57000000000001,1,1,1.0
41,2,306.53,0.48,398.74,109.22999999999999,1,1,1.0
41,3,91.92,0.64,227.70999999999998,58.9,1,1,1.0
42,6,423.89,72.89,184.47000000000003,84.33999999999999,1,1,1.0
42,4,88.8,39.47,113.7,57.41,1,1,1.0
42,2,306.43,0.49,398.69,109.09,1,1,1.0
42,3,91.92,0.64,227.65999999999997,58.82,1,1,1.0
43,6,398.6,70.5,176.5,81.6,1,1,1.0
43,4,75.8,37.6,112.82000000000001,56.26,1,1,1.0
43,2,306.34,0.51,398.62000000000006,108.94,1,1,1.0
43,3,91.92,0.64,227.60999999999996,58.75,1,1,1.0
44,6,372.56,65.64,172.04000000000002,78.66000000000001,1,1,1.0
44,4,63.5,35.73,110.30000000000001,55.11000000000001,1,1,1.0
44,2,306.24,0.52,398.55999999999995,108.8,1,1,1.0
44,3,91.92,0.64,227.55,58.67,1,1,1.0
45,6,348.79,62.63,167.18,77.07,1,1,1.0
45,4,53.7,33.87,106.39999999999999,53.949999999999996,1,1,1.0
45,2,306.14,0.53,398.51,108.65,1,1,1.0
45,3,91.92,0.64,227.5,58.589999999999996,1,1,1.0
46,6,324.15,58.75,162.32000000000005,75.47999999999999,1,1,1.0
46,4,43.9,32.0,103.1,52.8,1,1,1.0
46,2,306.05,0.54,398.44,108.50999999999999,1,1,1.0
46,3,91.92,0.64,227.44,58.519999999999996,1,1,1.0
47,6,302.5,55.49,157.47000000000003,73.87,1,1,1.0
47,4,34.06,29.5,101.13999999999999,52.17,1,1,1.0
47,2,305.95,0.55,398.39000000000004,108.37,1,1,1.0
47,3,91.92,0.64,227.39,58.44,1,1,1.0
48,6,280.92,51.88,152.59999999999997,72.28,1,1,1.0
48,4,24.84,27.73,97.75999999999999,51.56,1,1,1.0
48,2,305.85,0.57,398.3299999999999,108.22000000000001,1,1,1.0
48,3,91.92,0.64,227.32999999999998,58.37,1,1,1.0
49,6,264.06,49.84,145.85000000000002,70.67999999999999,1,1,1.0
49,4,13.5,27.0,97.1,50.260000000000005,1,1,1.0
49,2,305.76,0.58,398.26,108.07000000000001,1,1,1.0
49,3,91.92,0.64,227.27999999999997,58.29,1,1,1.0
50,6,247.2,47.8,139.10000000000002,69.08,1,1,1.0
50,4,4.74,25.48,94.46000000000001,49.75,1,1,1.0
50,2,305.66,0.59,398.21,107.92999999999999,1,1,1.0
50,3,91.92,0.64,227.21999999999997,58.22,1,1,1.0
51,6,228.62,45.76,135.0,67.49000000000001,1,1,1.0
51,4,0.43,23.97,88.27,49.239999999999995,1,1,1.0
51,2,305.56,0.6,398.15000000000003,107.79,1,1,1.0
51,3,91.92,0.64,227.16999999999996,58.14,1,1,1.0
52,6,213.07,42.75,128.53000000000003,65.89,1,1,1.0
52,4,0.42,22.45,78.51,46.849999999999994,1,1,1.0
52,2,305.47,0.61,398.0799999999999,107.65,1,1,1.0
52,3,91.92,0.64,227.12,58.07,1,1,1.0
53,6,195.58,41.04,125.22,64.28999999999999,1,1,1.0
53,4,0.41,20.93,68.74000000000001,46.970000000000006,1,1,1.0
53,2,305.37,0.63,398.03,107.5,1,1,1.0
53,3,91.92,0.64,227.06,57.99,1,1,1.0
54,6,180.99,39.32,121.90999999999997,62.690000000000005,1,1,1.0
54,4,0.4,19.42,58.980000000000004,47.08,1,1,1.0
54,2,305.27,0.64,397.97,107.35,1,1,1.0
54,3,91.92,0.64,227.01,57.91,1,1,1.0
55,6,166.4,37.6,118.6,61.1,1,1,1.0
55,4,0.39,17.9,49.21,47.199999999999996,1,1,1.0
55,2,305.18,0.65,397.90000000000003,107.21,1,1,1.0
55,3,91.92,0.64,226.95,57.839999999999996,1,1,1.0
56,6,153.42,36.12,115.16,60.13,1,1,1.0
56,4,0.39,17.9,40.41,42.5,1,1,1.0
56,2,305.08,0.66,397.84999999999997,107.07000000000001,1,1,1.0
56,3,91.92,0.64,226.89999999999998,57.76,1,1,1.0
57,6,140.44,34.64,111.72,59.150000000000006,1,1,1.0
57,4,0.39,19.78,31.979999999999997,38.97,1,1,1.0
57,2,304.99,0.67,397.78,106.92999999999999,1,1,1.0
57,3,91.92,0.64,226.83999999999997,57.69,1,1,1.0
58,6,127.46,33.16,108.28000000000002,58.18000000000001,1,1,1.0
58,4,0.39,21.65,23.54,35.45,1,1,1.0
58,2,304.89,0.69,397.72,106.77,1,1,1.0
58,3,91.92,0.64,226.78999999999996,57.61,1,1,1.0
59,6,114.48,31.68,104.83999999999999,57.21,1,1,1.0
59,4,0.39,23.53,15.11,31.92,1,1,1.0
59,2,304.79,0.7,397.67,106.63,1,1,1.0
59,3,91.92,0.64,226.72999999999996,57.54,1,1,1.0
60,6,101.5,30.2,101.4,56.230000000000004,1,1,1.0
60,4,0.39,25.4,7.510000000000001,28.4,1,1,1.0
60,2,304.7,0.71,397.59999999999997,106.49000000000001,1,1,1.0
60,3,91.92,0.64,226.68,57.46,1,1,1.0
